0 0.5898692810457516 0.3161764705882353 0.1830065359477124 0.22058823529411764
0 0.6168300653594772 0.4375 0.19607843137254902 0.19852941176470587
0 0.6527777777777778 0.5882352941176471 0.1977124183006536 0.1642156862745098
0 0.5612745098039216 0.7855392156862745 0.11764705882352941 0.28431372549019607
0 0.45588235294117646 0.8002450980392157 0.09477124183006536 0.2769607843137255
0 0.3758169934640523 0.7279411764705882 0.15522875816993464 0.21568627450980393
0 0.3366013071895425 0.6017156862745098 0.16339869281045752 0.16911764705882354
0 0.3161764705882353 0.44607843137254904 0.17973856209150327 0.14460784313725492
0 0.34558823529411764 0.3394607843137255 0.16830065359477125 0.20833333333333334
0 0.39705882352941174 0.23529411764705882 0.14215686274509803 0.2965686274509804
0 0.47058823529411764 0.19607843137254902 0.14215686274509803 0.29901960784313725
0 0.6225490196078431 0.7193627450980392 0.17320261437908496 0.2181372549019608