0 0.3777933333333333 0.36524999999999996 0.14771333333333322 0.27450250000000004
0 0.45861499999999994 0.3252425 0.13268999999999997 0.294485
0 0.558435 0.2707275 0.10899499999999994 0.29545249999999995
0 0.690605 0.4084999999999999 0.18999999999999995 0.1759974999999999
0 0.6999366666666665 0.56604 0.18467000000000006 0.14107749999999986
0 0.6517733333333333 0.68677 0.1443283333333333 0.23246000000000017
0 0.567785 0.7452849999999999 0.11230666666666664 0.24543000000000004
0 0.4639666666666667 0.7755399999999999 0.09660833333333325 0.26992000000000016
0 0.39312499999999995 0.7312799999999999 0.13837666666666662 0.2534399999999999
0 0.32313166666666665 0.654325 0.19838999999999996 0.2126500000000001
0 0.29713666666666666 0.5442925 0.19973166666666664 0.2125875
0 0.6459416666666666 0.31598499999999996 0.1459916666666667 0.2609700000000001