0 0.41013071895424835 0.3161764705882353 0.1830065359477124 0.22058823529411764
0 0.3831699346405229 0.4375 0.19607843137254902 0.19852941176470587
0 0.3472222222222222 0.5882352941176471 0.1977124183006536 0.1642156862745098
0 0.4387254901960784 0.7855392156862745 0.11764705882352941 0.28431372549019607
0 0.5441176470588235 0.8002450980392157 0.09477124183006536 0.2769607843137255
0 0.6241830065359477 0.7279411764705882 0.15522875816993464 0.21568627450980393
0 0.6633986928104575 0.6017156862745098 0.16339869281045752 0.16911764705882354
0 0.6838235294117647 0.44607843137254904 0.17973856209150327 0.14460784313725492
0 0.6544117647058824 0.3394607843137255 0.16830065359477125 0.20833333333333334
0 0.6029411764705882 0.23529411764705882 0.14215686274509803 0.2965686274509804
0 0.5294117647058824 0.19607843137254902 0.14215686274509803 0.29901960784313725
0 0.37745098039215685 0.7193627450980392 0.17320261437908496 0.2181372549019608